MERIZ_CODE	SEX	INTOC	PRONO_l	PRONO_w	ELYT	STER	FEMU	LOC	EXP	Dim1	Dim2	Dim3	Dim4	Dim5	Q	Pgi	Pyru	D	S	NBpoint	PathLength	S2	TE	TS	DC	SDDC	muL	scale
ISB_ANPA_091	F	0.808	1.001	1.525	3.464	0.455	1.512	ISB	A	0.692871372	-0.837538883	-1.5920436488	-0.796607207	-0.655804972	186.21897810219	86.6454689984102	0.551325090750293	1.04154127552109	2.41446270946273	455	22.3473560597061	1.92402889569864	10.4746079293581	0.415688462919885	401.525005948021	511.196229691349	0.0492232512328328	5
ISB_ANPA_092	F	0.839	1.143	1.572	3.566	0.603	1.477	ISB	A	2.355382360	1.065460028	-0.1374631812	-0.415454483	0.250042766	204.905109489051	89.369851134557	0.580583531209913	1.07187009715949	2.57364214056451	390	19.0496352683254	2.01098476091866	9.59707955599364	0.560853421725678	413.71586024987	558.612189078069	0.0489707847514792	5
ISB_ANPA_093	M	0.743	1.071	1.473	3.295	0.555	1.437	ISB	A	-0.431230019	0.707748971	-0.2120684470	0.291065133	-0.257790950	215.766423357664	91.1672431	0.905046535112858	1.01995061319961	1.55974710424445	158	7.78028347745479	1.23984633144725	25.7536691192051	0.846542049329337	199.568345868007	371.69978709786	0.0495559457162725	5
ISB_ANPA_094	F	0.795	1.022	1.493	3.343	0.572	1.38	ISB	A	-0.213879804	0.898031928	0.0003882788	-1.059477133	-0.090004422	128	34.1017488076312	0.966183574879227	1.04827423038619	3.43324172671652	351	16.8862570049734	2.69847175174015	5.18876581332072	0.626669944341951	576.234932276007	710.64103384668	0.0482464485856382	5
ISB_ANPA_095	F	0.831	0.971	1.579	3.525	0.468	1.451	ISB	A	0.914129587	-0.609042702	-1.4071362193	-1.888456576	-0.271308163	191.2516431	119.475357710652	0.946750730096346	1.03646717265465	2.14926061962887	360	17.6417344989584	1.77478564422261	12.419198654758	0.29157231073516	392.474265432872	425.511323180946	0.0491413217241182	5
ISB_ANPA_096	M	0.771	1.102	1.498	3.341	0.566	1.415	ISB	A	0.151591272	0.752897383	0.1536512163	-0.002602701	0.122032168	249.343065693431	62.6391096979332	1.31007942356505	1.01859609651581	1.80173427583281	461	22.6709131504195	1.46648570853799	18.3691419848048	0.803900402709737	312.121025035448	372.54037201046	0.0492845938052598	5
ISB_ANPA_097	M	0.683	0.978	1.325	3.212	0.519	1.311	ISB	A	-3.297463651	0.737283689	-0.4945464048	0.059563231	0.378867847	237.313868613139	180.842607313196	0.553726903026829	NA	NA	NA	NA	NA	NA	NA	NA	NA	NA	NA
ISB_ANPA_098	M	0.745	1	1.42	3.154	0.496	1.423	ISB	A	-1.585486063	-0.156363052	-0.3367053211	-0.078481445	-0.793845815	174.890510948905	262.639109697933	1.0797237915882	1.04972011139496	2.93838289493837	325	15.8154329302148	2.3420671720753	6.96717016496805	0.789074661343204	513.793006486998	608.624078159917	0.0488130645994283	5
ISB_ANPA_099	M	0.774	1.055	1.429	3.194	0.416	1.394	ISB	A	-1.225005309	-1.455641010	-0.1313182242	-0.184379062	-0.003179023	94.1313868613139	20.0317965023847	0.94806080951991	NA	NA	NA	NA	NA	NA	NA	NA	NA	NA	NA
ISB_ANPA_100	F	0.793	1.083	1.464	3.309	0.463	1.392	ISB	A	-0.353021871	-0.793393671	-0.0429257208	-0.368246616	0.343994467	269.722627737226	82.5914149443561	1.04806353885204	NA	NA	NA	NA	NA	NA	NA	NA	NA	NA	NA
ISB_ANPA_101	M	0.769	1.095	1.525	3.396	0.505	1.388	ISB	A	0.083710395	-0.035069850	-0.1416438188	-0.361925409	0.608678822	181.197080291971	76.6295707472178	1.15920194328448	1.0123069695652	1.49190129271251	537	26.497708401138	1.24441705686907	25.6245306901862	0.853345776829913	273.818559407103	295.063610285045	0.0494360231364516	5
ISB_ANPA_102	M	0.75	1.147	1.422	3.299	0.592	1.383	ISB	A	-0.475625386	1.190382598	0.6033165435	0.721047558	0.561286264	194.627737226277	51.1128775834657	0.744343459155545	1.18833782210788	4.40054525168029	334	15.8927592477489	3.41159336660111	3.0959018699556	0.35579455422002	767.771453244529	878.518188453948	0.0477260037469937	5
ISB_ANPA_103	F	0.778	1.005	1.469	3.375	0.557	1.473	ISB	A	-0.074317660	0.739962744	-0.9043483042	-0.389141485	-0.729974611	132.729927007299	NA	1.09522639810038	1.01275724485418	1.43651370636911	613	30.3465871212728	1.18136327014107	28.3999957348985	0.0635159511394685	252.221016985218	295.546145625661	0.0495859266687464	5
ISB_ANPA_104	F	0.864	1.18	1.602	3.673	0.632	1.55	ISB	A	3.649512300	1.342691157	-0.4095891884	-0.115438614	0.047877683	293.722627737226	57.5516693163752	1.267065149158	NA	NA	NA	NA	NA	NA	NA	NA	NA	NA	NA
PELIS_ANPA_031	M	0.98	1.098	1.44	3.144	0.52	1.432	PELIS	A	1.437035272	-1.045518825	1.6265501487	-1.636911034	-0.981872100	109.430656934307	74.6422893481717	0.541062801932367	1.06421522863359	2.80333633348172	460	22.2382253797143	2.2462026211207	7.6794076587723	0.392992224817662	489.203853783243	567.260698168261	0.048449292766262	5
PELIS_ANPA_032	M	0.748	1.212	1.359	3.299	0.633	1.538	PELIS	A	0.393724695	1.572819652	0.1990250145	2.461243946	-0.366252416	48.3503649635036	17.0906200317965	0.597832910286853	1.07780462666703	3.1230773909904	534	25.8097700243161	2.43865220850427	6.44209353404679	0.127596848699906	531.405510811313	644.047584498325	0.0484235835353022	5
PELIS_ANPA_033	F	0.773	1.152	1.529	3.286	0.568	1.391	PELIS	A	0.365059704	0.635550989	0.8542132569	0.130504131	0.365653911	80.9343065693431	49.0461049284579	1.25985971232839	1.11739554801264	3.9157617792929	70	3.2320148857327	3.2574824423155	3.5134937286772	0.268850401906905	768.08461653778	678.070111164051	0.0468407954454014	5
PELIS_ANPA_034	M	0.743	1.03	1.405	3.136	0.518	1.357	PELIS	A	-1.885208855	0.182723634	0.3069805926	-0.138364839	-0.185226350	104.175182481752	66.9316375198728	0.521629957149486	1.0323901970051	2.2080862276801	404	19.8475174860888	1.76647198044879	12.5131555866382	0.130007887626689	331.073336070733	494.811172993577	0.0492494230424039	5
PELIS_ANPA_035	F	0.77	1.107	1.53	3.458	0.536	1.505	PELIS	A	1.015577082	0.335803501	-0.7946025991	0.374271161	-0.157230603	127.766423357664	24.0858505564388	0.795218210103988	1.12786147192892	4.22808093951145	403	19.2488394269995	3.28156207015318	3.3746627415962	0.0965342057806242	719.195066281088	865.449431519202	0.0478826851417898	5
PELIS_ANPA_036	F	0.782	1.198	1.462	3.43	0.439	1.408	PELIS	A	0.389831085	-1.142918541	-0.0457759006	0.675145375	1.329155776	102.985	42.4483306836248	0.742159993449603	1.08537889016212	3.17076850275649	182	8.81585169203188	2.51059788329775	6.01297646476317	0.455196627092259	528.315508752035	665.137803581894	0.0487063629394026	5
PELIS_ANPA_037	F	0.794	1.023	1.509	3.434	0.53	1.454	PELIS	A	0.367966864	0.311419436	-0.8619009221	-0.729676727	-0.298502611	93.8978102189781	14.1494435612083	0.708971314719288	1.12119553562554	4.15700263458861	118	5.57470239233877	3.25234508335838	3.46359399049547	0.568178124527895	735.000757165116	817.67444666872	0.0476470289943485	5
PELIS_ANPA_038	F	0.766	1.096	1.45	3.201	0.564	1.354	PELIS	A	-0.835739821	0.690141136	0.8471752178	-0.080215411	0.196260371	182.832116788321	85.4531001589825	0.710499740713448	1.04693891151433	2.63266606214476	487	23.7681166630456	2.11815316333097	8.61365725678624	0.0796709393694346	467.908163033381	529.959722533012	0.0489055898416575	5
PELIS_ANPA_039	M	0.772	1.192	1.602	3.495	0.579	1.482	PELIS	A	1.937488479	0.834121564	-0.0093991018	0.570729844	0.423553833	158.890510948905	46.74546782	0.803952072927755	NA	NA	NA	NA	NA	NA	NA	NA	NA	NA	NA
PELIS_ANPA_040	M	0.733	1.149	1.455	3.09	0.519	1.4	PELIS	A	-0.953616761	-0.074637564	0.9909738771	0.973872906	-0.069568858	103.007299270073	NA	NA	1.05238414235523	3.09478165533789	132	6.33219753359667	2.51851169113666	6.02070801691301	0.540894450374592	571.004153649234	595.237106898975	0.0483373857526463	5
PELIS_ANPA_041	F	0.834	1.062	1.507	3.234	0.505	1.496	PELIS	A	0.700290857	-0.563376844	0.0069782344	-0.441312863	-1.109361994	101.346954	70.4292527821939	0.673162477141843	1.10284881831304	3.5138123303441	219	10.4446942934212	2.79360404783206	4.84323118650218	0.569885305655982	614.462354294296	704.445783070305	0.0479114417129414	5
PELIS_ANPA_042	F	0.739	1.116	1.404	3.389	0.542	1.377	PELIS	A	-0.805445908	0.688376459	-0.1603766908	0.559283061	0.905370351	60.3795620437956	22.0190779014308	NA	1.02683573254536	1.77953674182294	519	25.5939711613743	1.46919981992586	18.2515708276504	0.0994399946943828	303.239171401807	372.131569022352	0.0494092107362437	5
PELIS_ANPA_043	M	0.732	1.041	1.401	3.069	0.546	1.29	PELIS	A	-2.399452681	0.614461632	1.0174279024	-0.281732692	0.159506168	111.007299270073	23.2114467408585	0.505035617784328	1.02017301118884	1.61275474912873	384	18.9141715739026	1.30947827377342	23.1169154988855	0.464611233585077	263.674739553379	345.804634672827	0.0493842599840798	5
PELIS_ANPA_044	M	0.825	1.171	1.51	2.995	0.539	1.239	PELIS	A	-0.630329798	-0.210619456	2.9978628097	-0.896063536	0.723967478	90.8613138686132	46.95912451	0.832773820246186	1.03784194742737	2.32287634014367	295	14.4713514994518	1.80181749496371	12.0139759371917	0.687472213194028	351.09266587882	517.697822961662	0.0492222840117408	5
POC_ANPA_001	M	0.807	1.091	1.427	3.275	0.583	1.427	POC	A	0.002907080	0.814593202	0.4065290966	-0.027397986	-0.295723824	156.029197080292	11.1287758346582	1.24479379895739	NA	NA	NA	NA	NA	NA	NA	NA	NA	NA	NA
POC_ANPA_002	M	0.944	1.339	1.872	3.018	0.479	1.393	POC	A	4.256993981	-2.253431935	4.1212832237	-1.379116549	-0.066991462	95.8248175182482	12.3211446740858	1.60179044187887	1.06005255178603	3.24234489087295	305	14.7331385614607	2.52553632398938	5.96721878951081	0.0464895193195827	540.717551922718	677.351147698215	0.0484642715837523	5
POC_ANPA_003	M	0.831	1.031	1.516	3.629	0.54	1.483	POC	A	1.402998011	0.469510796	-1.4439283877	-1.000411664	0.032612621	108.729927007299	3.10015898251193	0.773601899615164	1.05933813330677	3.04995316672325	288	13.8815153865419	2.4662510735533	6.29501985834388	0.56771424219138	543.22891641531	605.920956110797	0.0483676494304595	5
POC_ANPA_004	M	0.833	1.147	1.545	3.611	0.422	1.534	POC	A	2.143572685	-1.517008681	-1.3412416880	0.062358690	0.450919955	97.3430656934307	17.63675981	1.04762684571085	1.08201236180373	2.28974563572285	263	16.9213987865386	1.53351780995945	8.72331862963822	0.190953303943304	447.183175579913	547.782294446673	0.064585491551674	5
POC_ANPA_005	M	0.842	1.184	1.525	3.395	0.57	1.52	POC	A	2.115177567	0.301188235	0.3245218878	0.430587727	-0.306821221	158.306569343066	9.37996820349762	1.42121782799749	1.116478490258	3.57048966388765	409	19.6986362284622	2.76536205385076	4.91240221823705	0.27746204946067	598.909042429638	739.864404735806	0.0482809711481915	5
POC_ANPA_006	M	0.811	1.231	1.525	2.737	0.571	1.441	POC	A	0.245446984	-0.299855373	3.3044919886	1.025952740	-1.499232908	159.065693430657	7.94912559618443	0.675345942847785	NA	NA	NA	NA	NA	NA	NA	NA	NA	NA	NA
POC_ANPA_007	M	0.793	1.072	1.439	3.258	0.551	1.391	POC	A	-0.464623982	0.453813974	0.3736084457	-0.303989674	-0.065615778	82.7445255474452	10.0953895071542	1.15985698299626	1.05586375320454	2.5243118697696	228	11.1243172270533	1.97900966643691	9.91794772738961	0.708093737982342	368.421239562887	570.409176996014	0.0490058027623493	5
POC_ANPA_008	M	0.832	1.106	1.523	3.192	0.365	1.753	POC	A	1.973175488	-2.973396688	-1.4548962190	1.392624250	-2.759285695	33.8686131386861	NA	0.850678239034908	1.10352223351981	3.06463131343502	230	11.1371724018448	2.48992635922658	6.13072127394249	0.241839856027997	558.165832499962	604.355935008278	0.0486339406194095	5
POC_ANPA_009	M	0.724	1.088	1.491	3.265	0.505	1.435	POC	A	-0.616834205	-0.001015472	-0.2481869108	0.530217681	-0.099767860	150.423357664234	44.8330683624801	NA	1.15264973619041	3.96869413685301	183	8.75533935369193	3.12342871489314	3.7587863313816	0.209990617923363	713.45107669766	783.451811416452	0.0481062601851205	5
POC_ANPA_010	M	0.78	1.043	1.431	3.14	0.319	1.406	POC	A	-1.485359684	-2.941737906	-0.3940707936	-0.265285422	-0.118840609	149.138686131387	13.4340222575517	0.624471191899342	1.09501332739771	3.70240543407133	222	10.4473877623417	3.032699445654	4.09512232948255	0.513889812316898	701.06327595427	682.22146942079	0.0472732477934013	5
POC_ANPA_011	F	0.719	1.1	1.375	3.308	0.455	1.388	POC	A	-1.564029073	-0.539760990	-0.4966910785	0.846658066	0.757314469	128.350364963504	25.8346581875994	0.24105461393597	1.04752041730745	3.21958762054722	203	9.5322509203853	2.62267455202402	5.65338781489527	0.728748776160724	579.243056702878	621.360144434511	0.0471893609920065	5
POC_ANPA_012	F	0.879	1.281	1.672	3.452	0.367	1.502	POC	A	3.387075130	-2.962708811	0.4743179355	0.019456117	0.809998923	80.0583941605839	35.214626391097	1.26750184229919	1.06763534092099	3.29050683011569	451	21.5218571346595	2.6645112871025	5.38683730909399	0.30673390031974	604.215030253147	630.596644177676	0.0478263491881322	5
POC_ANPA_013	F	0.715	1.129	1.432	3.191	0.535	1.417	POC	A	-1.027863671	0.383178221	0.3302795340	1.136108023	0.041960320	82.5693430656934	NA	1.24785065094571	1.10008912172961	3.74328365453776	91	4.25940430681567	3.03669455832701	4.0791149735714	0.469335604471736	687.130429655275	707.577681121968	0.0473267145201742	5
POC_ANPA_014	F	0.808	1.048	1.464	3.474	0.556	1.141	POC	A	-1.176564798	0.991278208	0.9050784193	-2.375379906	2.467078464	75.9124087591241	21.1446740858506	0.610933704522504	1.09125103689909	3.84104174573999	145	6.80511292475752	3.09544625267998	3.91328972922406	0.169982200141391	744.680793417001	684.932774354336	0.0472577286441494	5
VST_ANPA_061	M	0.743	1.12	1.506	3.304	0.664	1.339	VST	A	-0.250527131	2.296852711	1.0334241066	-0.029663830	0.528023591	193.751824817518	74.1653418124006	1.21422527907421	1.0418887583355	2.75454293633641	492	23.8340586770526	2.20517332417303	7.96895012647148	0.167049222162191	464.640008071774	577.191267846011	0.0485418710326937	5
VST_ANPA_062	F	0.809	1.161	1.493	3.338	0.517	1.509	VST	A	1.184518761	-0.313983667	0.0270873243	0.665001610	-0.287092438	76.2043795620438	92.448906	0.989765004503398	1.0489693684971	3.11702406633197	434	20.9553050653255	2.37284664282965	6.83630111393397	0.376069767564763	495.869358823919	669.132997138296	0.0483956237074491	5
VST_ANPA_063	F	0.779	1.03	1.535	3.489	0.494	1.507	VST	A	0.725108894	-0.161989233	-1.4788682251	-0.360192703	-0.416057439	172.801796743403	113.195548489666	0.950680968367041	1.00461920969756	0.832909571325301	372	18.4489756085637	0.705811445294679	80.2322597152026	0.853595549353001	156.068342929193	163.66090886616	0.0497276970581232	5
VST_ANPA_064	F	0.77	1.046	1.457	3.235	0.551	1.418	VST	A	-0.620499120	0.529161408	0.0667144445	-0.183527814	-0.471065288	124.379562043796	128.934817170111	0.979066022544284	1.01769284790083	1.38951306295793	622	30.8437447636629	1.14750258892669	30.0803167380647	0.468099003534407	235.617964043345	292.974757368085	0.0496678659640304	5
VST_ANPA_065	M	0.762	1.062	1.44	3.165	0.517	1.391	VST	A	-1.088885298	0.007896273	0.3664072454	-0.034535446	-0.271631652	43.8540145985401	17.0111287758346	NA	1.06202126647454	2.44820034505985	311	15.2652492806457	1.96142118829347	10.0565080211053	0.466190824003546	414.881268544094	512.894672290798	0.0492427396149862	5
VST_ANPA_066	F	0.865	1.224	1.57	3.538	0.623	1.483	VST	A	3.029287396	1.075970373	0.6281596258	0.034381062	0.446887195	356.43795620438	120.747217806041	0.826005076557766	NA	NA	NA	NA	NA	NA	NA	NA	NA	NA	NA
VST_ANPA_067	M	0.826	1.2	1.547	3.39	0.552	1.568	VST	A	2.373307783	0.016698120	0.0657527158	0.908018456	-0.569223256	164.729927007299	137.837837837838	0.890198968312454	1.043597951865	2.03341899500282	233	11.4355657472396	1.65795749928633	14.2596876525653	0.646004160859432	341.349432375344	429.527359785909	0.0492912316691361	5
VST_ANPA_068	M	0.781	1.14	1.599	2.955	0.555	1.501	VST	A	0.665729425	-0.117667475	1.5375599726	0.514788255	-1.746387304	200.233576642336	66.6136724960255	1.11968121400693	1.07465065929572	2.59223796042011	254	12.4056348244419	2.1440813212441	8.37073150043164	0.439603857963941	461.010636278921	539.30487722218	0.049034129740877	5
VST_ANPA_069	M	0.775	1.059	1.548	3.413	0.551	1.417	VST	A	0.394234553	0.631461355	-0.3299374188	-0.628206075	0.077192704	176.875912408759	65.1828298887122	0.817271213733999	1.03409924115347	2.10511696912982	277	13.4929015562058	1.73079251837196	13.1543353437661	0.473042388860427	370.176922686771	426.392107296636	0.0488873244790066	5
VST_ANPA_070	F	0.795	1.105	1.539	3.462	0.548	1.491	VST	A	1.266346892	0.413584147	-0.5516068742	-0.009388041	-0.138609102	90.5109489051095	19.1573926868045	NA	1.07718279590766	3.28386497704518	240	11.5406903516551	2.53959530046023	5.91786966934829	0.192365835598861	549.943106276535	684.890352401821	0.0482874073291009	5
VST_ANPA_071	F	0.779	1.131	1.526	3.445	0.526	1.533	VST	A	1.303205956	0.072533056	-0.7486785989	0.665676917	-0.286836886	175.357664233577	172.337042925278	0.768361581920904	1.03124093827427	2.48677967780281	581	28.1558389840001	1.9157359466043	10.723468998891	0.793273647802582	389.585194823847	539.521733864439	0.0485445499724139	5
VST_ANPA_072	F	0.778	1.112	1.516	3.462	0.549	1.43	VST	A	0.671566520	0.573013985	-0.3114088984	-0.055052219	0.457929334	285.080291970803	95.7869634340223	0.884521957477006	1.06376705029905	2.87267466270443	416	23.6904205524489	1.96171612057105	7.21983169271536	0.533121579313787	478.537495789348	681.673413915266	0.0570853507287926	5
VST_ANPA_073	F	0.858	1.194	1.635	3.606	0.66	1.538	VST	A	3.713447810	1.664218489	0.1149628329	-0.111154949	-0.091414782	84.6131386861314	11.9236883942766	0.866835885258877	1.07715413659821	4.08060924644249	297	13.995160768157	3.25346851143684	3.48943410517186	0.607785006185451	737.210370521391	784.134240110996	0.0472809485410708	5
VST_ANPA_074	M	0.754	1.005	1.464	3.713	0.653	1.398	VST	A	0.180985543	2.708433832	-1.5368224692	-0.760964050	0.811001014	274.394160583942	117.647058823529	1.11269412374792	1.0244354796714	1.6791317454758	401	19.8227384747274	1.35153042966126	21.593150143962	0.0426825731950519	256.023912558124	374.403561758022	0.0495568461868185	5
